[   95.742060] ext4    91616371815  29436296
[   95.742063] ext4    91619490114  29437592
[   95.742065] ext4    91619887648  29437608
[   95.742067] ext4    91620129864  29437600
[   95.742069] ext4    91620980978  42011024
[   95.742071] ext4    91623178388  42519720
[   95.742073] ext4    91629215708  42519752
[   95.742075] ext4    91671482466  43683608
[   95.742077] ext4    91738054480  30122992
[   95.742079] ext4    91742393581  3173040 
[   95.742081] ext4    91743068882  3257104 
[   95.742083] ext4    91743879768  3275672 
[   95.742085] ext4    91744307159  3154624 
[   95.742087] ext4    91745058722  31682192
[   95.742089] ext4    91745812857  3169768 
[   95.742091] ext4    91746449539  3409344 
[   95.742093] ext4    91747026627  3411976 
[   95.742095] ext4    91747598383  3146496 
[   95.742097] ext4    91748173300  3154712 
[   95.742099] ext4    91748748002  31681768
[   95.742101] ext4    91749298199  3258376 
[   95.742103] ext4    91749972469  30127440
[   95.742105] ext4    91750546789  31658952
[   95.742107] ext4    91751104694  31674376
[   95.742109] ext4    91751693657  3423448 
[   95.742111] ext4    91752155109  3158592 
[   95.742113] ext4    91752679127  3166416 
[   95.742115] ext4    91753218967  3261928 
[   95.742116] ext4    91753985700  3412048 
[   95.742119] ext4    91754548200  3154248 
[   95.742120] ext4    91754934574  31680408
[   95.742122] ext4    91755444892  3410208 
[   95.742124] ext4    91756067073  3260408 
[   95.742126] ext4    91756426438  3155344 
[   95.742128] ext4    91756875228  3265584 
[   95.742130] ext4    91757319450  3167736 
[   95.742132] ext4    91757753026  3416432 
[   95.742134] ext4    91758155870  3418272 
[   95.742136] ext4    91758558986  3163840 
[   95.742138] ext4    91758976533  3175520 
[   95.742140] ext4    91759405843  3262800 
[   95.742142] ext4    91759835582  31655040
[   95.742144] ext4    91760171227  31661216
[   95.742146] ext4    91760579663  30124600
[   95.742148] ext4    91761036359  3249600 
[   95.742150] ext4    91761460306  3267544 
[   95.742152] ext4    91761863713  3160928 
[   95.742154] ext4    91762274498  3168648 
[   95.742156] ext4    91762678608  3275016 
[   95.742158] ext4    91763140565  3173112 
[   95.742160] ext4    91763709390  3276456 
[   95.742162] ext4    91765500882  3415432 
[   95.742164] ext4    91765956106  3268984 
[   95.742166] ext4    91766432874  31676224
[   95.742168] ext4    91766935507  3172600 
[   95.742170] ext4    91767407909  3408104 
[   95.742171] ext4    91767853370  3166488 
[   95.742174] ext4    91768138296  3247896 
[   95.742175] ext4    91768329687  31676952
[   95.742177] ext4    91768707680  31679544
[   95.742179] ext4    91769109501  3261328 
[   95.742181] ext4    91769488204  3262000 
[   95.742183] ext4    91770005939  3168248 
[   95.742185] ext4    91770393377  3252736 
[   95.742187] ext4    91770770571  3272888 
[   95.742189] ext4    91771156026  3276528 
[   95.742191] ext4    91772245214  3254480 
[   95.742193] ext4    91772725790  3152496 
[   95.742195] ext4    91773261284  3177432 
[   95.742197] ext4    91773692432  30141032
[   95.742199] ext4    91774091339  3264400 
[   95.742201] ext4    91774555059  3147120 
[   95.742203] ext4    91775031367  3252096 
[   95.742205] ext4    91775533874  3256472 
[   95.742207] ext4    91775916334  3267440 
[   95.742209] ext4    91776187322  3412184 
[   95.742211] ext4    91776631468  31679344
[   95.742213] ext4    91777040274  31655112
[   95.742215] ext4    91777404488  3422096 
[   95.742217] ext4    91777804293  3152920 
[   95.742219] ext4    91778181008  30128864
[   95.742221] ext4    91778565240  31677784
[   95.742223] ext4    91779026637  3171520 
[   95.742225] ext4    91779530121  3266552 
[   95.742227] ext4    91780032763  30131536
[   95.742229] ext4    91780480191  31651864
[   95.742230] ext4    91780880996  3172224 
[   95.742233] ext4    91781283376  3174720 
[   95.742234] ext4    91781516464  31678928
[   95.742237] ext4    91781952436  3273360 
[   95.742238] ext4    91783505556  3151720 
[   95.742240] ext4    91783932028  3418064 
[   95.742242] ext4    91784551391  3161480 
[   95.742244] ext4    91784957232  3274480 
[   95.742246] ext4    91785508157  3176664 
[   95.742248] ext4    91786236803  3266152 
[   95.742250] ext4    91786725583  3270600 
[   95.742252] ext4    91787147696  31659904
[   95.742254] ext4    91787520529  3244432 
[   95.742256] ext4    91787928402  30132288
