[  152.270276] ext4    143997088270 31768680
[  152.270280] ext4    144036354713 1329472 
[  152.270283] ext4    144036376783 748744  
[  152.270287] ext4    144036384326 79840   
[  152.270290] nilfs2  144039092491 0       
[  152.270293] ext4    144039178535 29629488
[  152.270296] ext4    144039194459 29629496
[  152.270300] ext4    144039198650 29629504
[  152.270303] ext4    144039201164 29629512
[  152.270306] ext4    144039471869 29629520
[  152.270309] ext4    144043866003 0       
[  152.270312] ext4    144044767514 16779792
[  152.270315] ext4    144044791539 16784944
[  152.270318] ext4    144044798244 58728424
[  152.270321] ext4    144051621178 0       
[  152.270325] nilfs2  144093087901 2480    
[  152.270328] nilfs2  144093803355 4528    
[  152.270331] nilfs2  144094470758 6576    
[  152.270334] nilfs2  144096260651 8624    
[  152.270337] nilfs2  144098937248 10672   
[  152.270340] nilfs2  144099459102 12720   
[  152.270344] nilfs2  144099945476 14768   
[  152.270347] nilfs2  144110769198 16384   
[  152.270350] nilfs2  144111381846 18432   
[  152.270353] nilfs2  144112375268 20480   
[  152.270356] nilfs2  144114741491 22528   
[  152.270359] nilfs2  144115326202 24576   
[  152.270363] nilfs2  144115944158 26624   
[  152.270366] nilfs2  144116590329 28672   
[  152.270369] nilfs2  144117305225 30720   
[  152.270372] nilfs2  144121079447 31536   
[  152.270375] nilfs2  144123774483 32768   
[  152.270378] nilfs2  144126077569 34816   
[  152.270382] nilfs2  144127066521 0       
[  152.270384] ext4    144127614077 1329584 
[  152.270388] ext4    144127769963 1331632 
[  152.270391] ext4    144127921378 1333680 
[  152.270394] ext4    144128251588 1335728 
[  152.270397] ext4    144128419207 1337776 
[  152.270400] ext4    144128564198 1339824 
[  152.270403] ext4    144128675944 1341872 
[  152.270407] ext4    144128804172 1392640 
[  152.270410] ext4    144128941899 1394688 
[  152.270413] ext4    144129083258 1396736 
[  152.270416] ext4    144129221823 1398784 
[  152.270419] ext4    144129398382 1400832 
[  152.270422] ext4    144129531360 1402880 
[  152.270425] ext4    144129668248 1404928 
[  152.270428] ext4    144129795080 1406976 
[  152.270432] ext4    144129926941 10321920
[  152.270435] ext4    144130006001 10323968
[  152.270438] ext4    144155471807 12928544
[  152.270441] ext4    144167907466 29629528
[  152.270444] ext4    144167916964 29629536
[  152.270447] ext4    144168105815 29629544
[  152.270451] nilfs2  144253092874 35912   
[  152.270454] nilfs2  144253806652 37960   
[  152.270457] nilfs2  144254499756 40008   
[  152.270460] nilfs2  144255179452 42056   
[  152.270463] nilfs2  144255795452 44104   
[  152.270466] nilfs2  144256392455 46152   
[  152.270470] nilfs2  144258229001 48200   
[  152.270472] nilfs2  144271410844 49152   
[  152.270476] nilfs2  144272357333 51200   
[  152.270479] nilfs2  144272872762 53248   
[  152.270482] nilfs2  144273434286 55296   
[  152.270485] nilfs2  144273915073 57344   
[  152.270488] nilfs2  144274425753 59392   
[  152.270491] nilfs2  144277148166 61440   
[  152.270495] nilfs2  144277869207 63488   
[  152.270498] nilfs2  144278328204 65536   
[  152.270501] nilfs2  144279379455 399992  
[  152.270504] ext4    144279593448 10325064
[  152.270507] ext4    144279792077 10327112
[  152.270510] ext4    144279915556 10329160
[  152.270513] ext4    144280143798 10331208
[  152.270516] ext4    144280272585 10333256
[  152.270520] ext4    144280391595 10335304
[  152.270523] ext4    144280457804 10337352
[  152.270526] ext4    144280591341 10452992
[  152.270529] ext4    144280713982 10455040
[  152.270532] ext4    144280834109 10457088
[  152.270535] ext4    144280955074 10459136
[  152.270538] ext4    144281075480 10461184
[  152.270541] ext4    144281194490 10463232
[  152.270545] ext4    144281316014 10465280
[  152.270548] ext4    144281438096 10467328
[  152.270551] ext4    144281465195 10289152
[  152.270554] ext4    144370879352 29629552
[  152.270557] ext4    144370893600 29629560
[  152.270560] ext4    144372101016 29629568
[  152.270564] ext4    144397231863 10869368
[  152.270566] ext4    144397414568 29629576
[  152.270570] ext4    144397420155 29629584
[  152.270573] ext4    144397548384 29629592
[  152.270576] nilfs2  144402461299 65776   
[  152.270579] nilfs2  144403167255 67824   
[  152.270582] nilfs2  144408133528 0       
[  152.270585] ext4    144408346404 10289392
[  152.270589] ext4    144408466531 10291440
